epochs train test
1       60.034    61.2
2       66.55    63.66
3       70.784    68.22
4       74.122    69.56
5       76.538    73.53
6       78.564    78.18
7       79.812    76.42
8       80.896    77.42
9       81.89    80.45
10       82.71    78.7
11       83.44    78.91
12       83.9    79.04
13       84.474    82.1
14       84.922    80.72
15       85.458    82.03
16       86.018    82.71
17       86.376    83.34
18       86.716    81.32
19       87.14    83.0
20       87.368    84.57
21       87.828    85.29
22       88.198    85.06
23       88.418    85.03
24       88.622    84.01
25       88.996    84.26
26       89.264    85.04
27       89.404    85.08
28       89.486    84.5
29       89.862    84.91
30       90.026    84.9
31       89.994    85.89
32       90.504    84.79
33       90.468    83.6
34       90.6    86.77
35       90.864    85.0
36       91.014    84.87
37       91.17    84.91
38       91.176    85.06
39       91.274    86.34
40       93.63    89.5
41       94.53    89.56
42       94.764    89.39
43       94.938    89.28
44       95.124    89.12
45       95.26    89.24
46       95.29    89.29
47       95.446    89.4
48       95.582    89.21
49       95.558    89.48
50       95.77    89.44
51       95.764    89.03
52       95.902    89.49
53       96.08    89.16
54       96.07    89.53
55       96.062    89.19
56       96.176    89.51
57       96.316    89.37
58       96.256    89.44
59       96.378    89.49
60       96.368    89.48
61       96.46    89.33
62       96.436    89.62
63       96.584    89.3
64       96.554    89.37
65       96.624    89.4
66       96.716    89.43
67       96.664    89.08
68       96.806    89.16
69       96.648    89.39
70       97.006    89.62
71       97.026    89.61
72       97.102    89.52
73       97.094    89.68
74       97.216    89.6
75       97.228    89.52
76       97.176    89.71
77       97.264    89.6
78       97.288    89.59
79       97.174    89.64
80       97.222    89.44
81       97.298    89.51
82       97.278    89.56
83       97.27    89.6
84       97.328    89.45
85       97.308    89.43
86       97.224    89.52
87       97.278    89.44
88       97.308    89.4
89       97.32    89.53
90       97.23    89.35
91       97.304    89.46
92       97.216    89.48
93       97.308    89.37
94       97.264    89.37
95       97.334    89.39
96       97.336    89.4
97       97.37    89.46
98       97.354    89.52
99       97.416    89.49
