epochs train test
0       42.098    49.06
1       58.436    61.45
2       65.872    63.91
3       71.122    66.86
4       74.292    73.27
5       76.744    72.73
6       78.488    75.74
7       79.802    77.99
8       81.334    76.89
9       82.02    79.57
10       83.014    80.09
11       83.26    79.92
12       84.458    82.76
13       84.648    82.15
14       85.116    80.58
15       85.56    83.91
16       86.252    81.3
17       86.684    82.55
18       86.924    82.22
19       87.474    85.09
20       87.74    83.69
21       87.986    84.1
22       88.392    85.53
23       88.48    84.01
24       88.78    84.16
25       89.008    85.07
26       89.374    85.76
27       89.628    85.03
28       89.808    85.38
29       89.934    85.66
30       90.228    85.67
31       90.184    86.65
32       90.598    86.76
33       90.452    86.67
34       90.864    86.58
35       91.3    86.71
36       90.96    86.5
37       91.234    87.24
38       91.252    85.95
39       91.57    87.14
40       93.882    89.29
41       94.594    89.5
42       94.97    89.38
43       95.032    89.5
44       95.392    89.56
45       95.432    89.58
46       95.528    89.31
47       95.68    89.63
48       95.798    89.44
49       95.682    89.34
50       96.044    89.47
51       96.1    89.58
52       96.068    89.63
53       96.102    89.67
54       96.29    89.53
55       96.076    89.67
56       96.29    89.64
57       96.524    89.64
58       96.458    89.44
59       96.606    89.59
60       96.544    89.35
61       96.48    89.62
62       96.642    89.44
63       96.624    89.58
64       96.72    89.21
65       96.74    89.53
66       96.826    89.8
67       96.774    89.31
68       96.986    89.57
69       96.902    89.5
70       97.156    89.63
71       97.268    89.65
72       97.412    89.45
73       97.212    89.55
74       97.426    89.54
75       97.378    89.7
76       97.364    89.49
77       97.44    89.57
78       97.456    89.56
79       97.488    89.46
80       97.29    89.47
81       97.424    89.49
82       97.606    89.64
83       97.464    89.64
84       97.542    89.64
85       97.506    89.56
86       97.442    89.55
87       97.476    89.56
88       97.312    89.6
89       97.538    89.49
90       97.428    89.72
91       97.436    89.67
92       97.512    89.48
93       97.55    89.55
94       97.586    89.58
95       97.576    89.65
96       97.616    89.6
97       97.504    89.56
98       97.584    89.53
99       97.522    89.54
