epochs train test
0       31.158    36.4
1       38.61    42.8
2       43.088    47.53
3       47.604    49.71
4       48.758    34.62
5       37.442    41.01
6       41.364    42.2
7       44.366    47.45
8       49.806    52.02
9       51.6    54.98
10       51.164    50.52
11       52.968    54.9
12       56.778    58.48
13       53.108    53.6
14       54.806    54.13
15       50.574    51.32
16       55.088    53.84
17       55.756    58.01
18       59.584    61.27
19       61.356    62.97
20       62.688    63.0
21       60.6    33.64
22       44.508    46.01
23       51.748    55.28
24       51.396    54.75
25       55.878    59.09
26       58.368    60.28
27       55.426    38.36
28       47.372    55.48
29       46.786    49.7
30       49.99    50.93
31       54.68    46.41
32       54.56    57.54
33       57.34    58.83
34       59.336    61.06
35       60.84    61.61
36       62.552    63.33
37       60.978    53.81
38       57.264    48.7
39       41.306    37.38
40       42.578    45.95
41       46.724    48.65
42       49.068    51.06
43       50.448    52.26
44       51.624    53.51
45       52.098    53.59
46       52.724    53.73
47       53.368    55.36
48       53.644    55.37
49       54.48    56.33
50       55.242    56.89
51       56.048    56.96
52       56.692    57.71
53       57.148    58.01
54       57.07    58.18
55       57.392    58.22
56       57.444    58.3
57       58.004    59.02
58       58.54    59.3
59       58.778    59.67
60       59.338    59.27
61       59.48    60.27
62       59.634    60.28
63       59.954    60.81
64       60.266    61.37
65       60.626    61.41
66       60.78    61.46
67       61.126    61.36
68       61.44    62.22
69       61.568    62.51
70       61.902    62.73
71       62.08    62.75
72       62.466    62.99
73       62.13    62.99
74       61.912    62.55
75       61.83    62.69
76       62.054    62.44
77       62.134    63.06
78       62.104    62.99
79       61.95    62.97
80       62.096    62.92
81       62.034    62.79
82       62.46    62.74
83       62.39    63.41
84       62.49    63.16
85       62.24    63.07
86       62.668    63.49
87       62.75    63.5
88       62.608    63.45
89       62.796    63.25
90       62.72    62.83
91       62.786    63.46
92       62.698    63.53
93       62.762    63.06
94       62.394    63.0
95       62.746    63.31
96       62.638    63.26
97       62.874    63.39
98       62.848    63.72
99       63.044    63.29
