epochs train test
0       44.07    53.4
1       60.616    61.86
2       67.256    67.1
3       70.938    66.83
4       73.966    69.59
5       76.27    73.48
6       77.966    72.84
7       79.28    75.9
8       80.326    78.87
9       81.192    77.99
10       82.042    77.57
11       82.794    79.35
12       83.282    81.19
13       83.744    80.3
14       84.21    81.79
15       84.282    79.42
16       84.578    81.55
17       84.82    81.72
18       85.026    80.31
19       84.82    80.35
20       84.662    73.58
21       84.938    82.14
22       84.418    80.61
23       83.752    76.05
24       83.574    73.32
25       83.088    59.71
26       83.258    58.83
27       83.148    78.55
28       83.014    72.85
29       82.784    77.85
30       82.584    54.73
31       82.862    63.5
32       82.746    69.65
33       82.934    57.1
34       82.792    70.08
35       82.402    69.15
36       82.512    70.85
37       82.116    48.16
38       82.084    60.23
39       82.24    58.75
40       82.104    58.94
41       82.178    45.29
42       82.388    67.97
43       81.306    47.54
44       81.876    36.61
45       81.51    51.29
46       82.236    58.01
47       82.008    65.48
48       80.934    52.49
49       81.558    21.56
50       81.118    56.29
51       81.088    64.79
52       81.102    49.13
53       81.502    33.54
54       80.076    51.12
55       80.704    43.58
56       80.57    63.36
57       80.928    29.39
58       80.92    35.35
59       80.956    37.14
60       79.434    55.15
61       79.754    53.5
62       79.784    49.97
63       80.5    72.96
64       80.686    53.96
65       80.732    19.3
66       80.25    45.22
67       79.494    48.85
68       80.05    30.55
69       79.92    45.48
70       79.776    64.7
71       79.528    45.75
72       79.806    36.58
73       80.132    39.95
74       80.116    44.77
75       80.176    41.43
76       79.778    48.33
77       78.634    41.71
78       78.726    53.74
79       79.522    51.37
80       86.85    84.11
81       87.172    82.99
82       86.848    84.7
83       87.142    85.2
84       87.434    83.22
85       86.558    84.52
86       86.136    81.38
87       86.682    84.76
88       87.364    85.11
89       87.54    83.24
90       87.83    86.13
91       87.154    84.52
92       86.294    85.97
93       87.686    85.8
94       88.244    85.16
95       87.828    83.07
96       87.466    78.13
97       87.39    78.94
98       87.776    85.34
99       87.666    81.55
100       86.98    82.6
101       87.25    82.56
102       87.882    84.36
103       86.826    80.82
104       87.746    84.23
105       88.356    84.99
106       87.84    79.09
107       87.788    84.56
108       87.556    83.56
109       88.204    80.64
110       88.426    83.79
111       87.664    83.93
112       88.156    80.73
113       88.062    84.26
114       87.916    84.96
115       87.854    84.21
116       88.068    83.65
117       88.02    83.42
118       87.458    83.43
119       88.21    81.48
120       88.936    87.45
121       88.442    85.22
122       89.712    87.9
123       90.264    87.18
124       90.146    88.05
125       90.14    86.34
126       90.114    86.64
127       89.904    87.1
128       89.954    87.08
129       89.836    87.05
130       89.788    87.39
131       89.65    87.62
132       89.808    87.72
133       89.676    87.16
134       89.654    86.51
135       90.128    87.31
136       89.948    87.23
137       88.924    86.32
138       88.574    86.4
139       88.67    85.71
140       88.906    87.11
141       88.848    85.78
142       88.846    87.2
143       89.014    86.33
144       88.9    86.57
145       88.776    84.89
146       88.992    87.38
147       89.088    86.57
148       88.98    86.25
149       88.8    86.57
150       88.94    84.83
151       89.308    87.19
152       89.602    86.94
153       89.622    87.1
154       89.678    86.88
155       89.514    87.34
156       89.558    87.55
157       89.08    85.82
158       89.318    87.39
159       90.27    87.56
160       90.122    87.08
161       89.832    87.25
162       88.87    86.3
163       89.61    87.62
164       90.272    86.26
165       90.048    87.47
166       89.716    87.53
167       89.998    87.42
168       89.67    86.74
169       90.126    87.26
170       90.088    87.67
171       89.84    87.31
172       89.862    87.83
173       89.932    86.91
174       90.108    87.29
175       89.954    87.62
176       89.806    87.97
177       89.714    85.99
178       89.48    86.93
179       89.534    87.39
180       89.318    87.49
181       89.134    86.28
182       88.996    86.55
183       89.126    86.75
184       88.922    87.48
185       89.354    87.38
186       89.678    87.44
187       89.428    85.99
188       89.2    87.24
189       89.264    86.06
190       89.224    87.78
191       89.234    87.49
192       88.386    87.54
193       89.326    85.45
194       89.584    87.16
195       89.0    87.0
196       89.374    87.22
197       89.61    86.87
198       89.762    86.64
199       89.798    87.87
